44.843  182.415 42.583   5.523
44.837  182.169 47.158   7.075
44.843  182.228 46.039   6.485
44.833  182.573 39.960   5.203
44.845  182.093 48.890   7.251
45.705  182.671 30.617  16.177
44.600  182.682 35.804  10.679
44.840  179.945 54.646  317.035
44.854  180.608 140.031  67.064
44.828  180.214 136.902  219.212
44.790  180.201 97.121  202.820
44.890  180.099 179.155  395.485
44.868  181.126 88.067  20.666
44.872  180.152 179.025  301.579
44.918  181.161 88.293  12.520
44.877  180.551 158.322  70.484
44.679  183.454 29.254   5.448
44.765  183.711 27.723   3.521
44.597  182.888 33.599   9.376
45.042  184.127 25.318   0.520
44.772  180.010  5.137  229.214
44.741  183.157 32.248   5.303
45.050  181.884 55.373   2.919
44.652  183.965 25.573   4.501
45.246  182.107 47.074  10.977
44.253  182.264 32.177  21.252
44.557  180.411 45.086  97.127
44.983  181.650 63.387   1.290
45.008  183.014 34.694   0.181
44.972  181.008 103.431   5.713
44.712  183.386 30.009   5.115
45.022  179.543 226.658  21.434
44.928  181.721 60.363   5.076
44.861  181.731 58.918   9.433
44.845  179.178 111.403  42.121
44.716  181.987 48.673  13.897
44.786  183.024 33.902   4.797
44.726  182.793 36.049   7.076
44.769  179.386 108.661  81.899
44.945  181.481 70.227   5.244
44.852  180.348 174.567  148.553
44.865  180.076 101.077  358.926
44.888  182.220 46.650   4.694
44.910  181.554 66.405   7.680
44.904  180.213 271.598  244.098
44.939  181.843 56.509   3.758
44.773  183.211 31.924   4.528
44.716  183.443 29.557   4.882
44.856  179.554 165.731  106.838
xxxxxx  183.707
45.300  183.133 32.190   6.175
44.968  182.937 35.582   0.781
44.880  181.220 82.563  16.235
44.959  182.209 47.271   1.767
44.981  181.816 57.582   1.211
44.930  181.370 75.575   7.701
44.888  178.775 82.650  15.053
44.901  180.103 218.104  416.106
44.875  182.396 43.172   4.517
